      min: 22225 (0.339132)
      max: 43310 (0.660868)
      mean: 34841.4 (0.531646)
      standard deviation: 6928.24 (0.105718)
      kurtosis: -0.6703
      skewness: -0.685485
